((0, 0), (25, 0))
((0, 0), (-25, 0))
((25, 0), (25, 25))
((25, 0), (50, 0))
((-25, 0), (-25, 25))
((-25, 0), (-50, 0))
((25, 25), (25, 100))
((25, 25), (50, 25))
((50, 0), (50, -25))
((-25, 25), (0, 25))
((-25, 25), (-25, 75))
((-25, 25), (-50, 25))
((-50, 0), (-175, 0))
((25, 100), (25, 125))
((50, 25), (50, 0))
((50, 25), (100, 25))
((50, -25), (0, -25))
((0, 25), (0, 0))
((0, 25), (25, 25))
((-25, 75), (-25, 150))
((-50, 25), (-50, 50))
((-50, 25), (-50, 0))
((-175, 0), (-200, 0))
((25, 125), (25, 150))
((25, 125), (50, 125))
((100, 25), (100, 0))
((100, 25), (125, 25))
((100, 25), (100, 50))
((0, -25), (0, 0))
((0, -25), (-200, -25))
((-25, 150), (-25, 225))
((-50, 50), (-50, 75))
((-200, 0), (-225, 0))
((50, 125), (50, 100))
((100, 0), (50, 0))
((100, 0), (125, 0))
((125, 25), (125, 50))
((125, 25), (200, 25))
((100, 50), (75, 50))
((-200, -25), (-225, -25))
((-200, -25), (-200, 0))
((-25, 225), (-25, 250))
((-25, 225), (-75, 225))
((-50, 75), (-25, 75))
((-50, 75), (-50, 100))
((-225, 0), (-225, 50))
((-225, 0), (-250, 0))
((50, 100), (25, 100))
((125, 0), (125, 25))
((125, 0), (125, -25))
((125, 50), (100, 50))
((125, 50), (125, 75))
((75, 50), (50, 50))
((75, 50), (75, 125))
((-225, -25), (-225, -50))
((-225, -25), (-225, 0))
((-225, -25), (-250, -25))
((-25, 250), (-25, 325))
((-50, 100), (-50, 125))
((-225, 50), (-200, 50))
((-250, 0), (-450, 0))
((125, -25), (100, -25))
((125, -25), (150, -25))
((50, 50), (50, 25))
((50, 50), (50, 100))
((75, 125), (50, 125))
((-225, -50), (-25, -50))
((-225, -50), (-250, -50))
((-25, 325), (0, 325))
((-200, 50), (-200, 25))
((100, -25), (100, 0))
((-25, -50), (-25, -75))
((-250, -50), (-250, -75))
((0, 325), (0, 250))
((0, 325), (25, 325))
((0, 325), (0, 350))
((-200, 25), (-200, 0))
((-25, -75), (-25, -125))
((-250, -75), (-275, -75))
((0, 250), (0, 25))
((0, 250), (50, 250))
((0, 250), (-25, 250))
((25, 325), (25, 300))
((0, 350), (-25, 350))
((0, 350), (0, 375))
((0, 350), (50, 350))
((-25, -125), (0, -125))
((50, 250), (50, 275))
((50, 250), (50, 200))
((25, 300), (50, 300))
((25, 300), (25, 275))
((-25, 350), (-25, 325))
((-25, 350), (-25, 400))
((0, 375), (50, 375))
((50, 350), (50, 375))
((0, -125), (50, -125))
((50, 275), (50, 300))
((50, 275), (75, 275))
((50, 200), (50, 125))
((50, 300), (75, 300))
((25, 275), (50, 275))
((-25, 400), (125, 400))
((-25, 400), (-25, 425))
((50, 375), (75, 375))
((50, -125), (50, -75))
((75, 275), (75, 300))
((75, 275), (100, 275))
((75, 300), (75, 325))
((125, 400), (125, 375))
((125, 400), (125, 425))
((-25, 425), (-25, 450))
((-25, 425), (-50, 425))
((-25, 425), (0, 425))
((75, 375), (75, 325))
((50, -75), (25, -75))
((100, 275), (100, 250))
((100, 275), (125, 275))
((75, 325), (25, 325))
((75, 325), (100, 325))
((125, 375), (125, 300))
((125, 375), (150, 375))
((125, 375), (100, 375))
((125, 425), (225, 425))
((125, 425), (100, 425))
((-25, 450), (0, 450))
((-25, 450), (-50, 450))
((-50, 425), (-50, 400))
((-50, 425), (-50, 450))
((0, 425), (0, 450))
((25, -75), (25, -50))
((100, 325), (100, 375))
((125, 300), (75, 300))
((150, 375), (150, 400))
((100, 375), (75, 375))
((225, 425), (225, 450))
((225, 425), (250, 425))
((100, 425), (0, 425))
((100, 425), (100, 450))
((0, 450), (100, 450))
((0, 450), (0, 475))
((-50, 450), (-50, 500))
((-50, 400), (-25, 400))
((25, -50), (50, -50))
((25, -50), (0, -50))
((150, 400), (125, 400))
((150, 400), (175, 400))
((225, 450), (150, 450))
((225, 450), (225, 500))
((250, 425), (250, 475))
((100, 450), (125, 450))
((50, -50), (50, -25))
((50, -50), (50, -75))
((50, -50), (75, -50))
((0, -50), (0, -25))
((0, -50), (-25, -50))
((0, -50), (0, -125))
((175, 400), (175, 375))
((175, 400), (225, 400))
((150, 450), (150, 475))
((125, 450), (125, 425))
((125, 450), (125, 475))
((125, 450), (150, 450))
((75, -50), (75, -25))
((75, -50), (100, -50))
((175, 375), (150, 375))
((225, 400), (225, 425))
((225, 400), (275, 400))
((225, 400), (225, 375))
((150, 475), (125, 475))
((125, 475), (125, 675))
((75, -25), (50, -25))
((275, 400), (275, 425))
((275, 400), (325, 400))
((225, 375), (225, 350))
((-100, 250), (-25, 250))
((100, -75), (50, -75))
((-100, 275), (-100, 250))
((-100, 275), (-75, 275))
((-75, 275), (-75, 300))
((-75, 275), (-50, 275))
((-75, 300), (-50, 300))
((-50, 275), (-50, 300))
((-50, 300), (-50, 325))
((-50, 325), (-25, 325))
((-100, 150), (-25, 150))
((-50, 350), (-25, 350))
((-50, 350), (-50, 325))
((-50, 350), (-50, 375))
((-50, 375), (-100, 375))
((-50, 375), (-50, 400))
((-100, 375), (-100, 350))
((-100, 375), (-100, 400))
((-100, 350), (-100, 275))
((-100, 350), (-50, 350))
((-100, 350), (-150, 350))
((-100, 400), (-75, 400))
((-100, 400), (-125, 400))
((-150, 350), (-150, 250))
((-75, 400), (-50, 400))
((-125, 400), (-125, 425))
((-150, 250), (-125, 250))
((-125, 425), (-50, 425))
((-125, 425), (-125, 450))
((-125, 250), (-125, 225))
((-125, 450), (-50, 450))
((25, -100), (25, -75))
((-225, -100), (-225, -50))
((-225, -100), (-175, -100))
((-100, 175), (-100, 150))
((-175, 375), (-100, 375))
((-125, 150), (-100, 150))
((-125, 150), (-150, 150))
((-325, -100), (-225, -100))
((-100, 50), (-50, 50))
((100, 500), (100, 450))
((-200, 375), (-175, 375))
((0, -150), (0, -125))
((-100, 125), (-100, 150))
((-300, 350), (-150, 350))
((-25, 475), (-25, 450))
((-175, 400), (-175, 375))
((-175, 400), (-150, 400))
((-175, 400), (-175, 500))
((-150, 400), (-150, 450))
((-175, 500), (-175, 525))
((-150, 450), (-150, 475))
((-125, 175), (-125, 150))
((175, 300), (125, 300))
((-200, 400), (-175, 400))
((-125, 100), (-125, 150))
((125, -75), (100, -75))
((200, 50), (125, 50))
((75, 250), (75, 275))
((-450, 350), (-300, 350))
((-450, 350), (-500, 350))
((25, 500), (100, 500))
((175, 325), (175, 300))
((175, -75), (125, -75))
((200, 325), (175, 325))
((25, 525), (25, 500))
((-75, 25), (-50, 25))
((-100, 225), (-100, 175))
((-450, 375), (-450, 350))
((-100, 100), (-100, 125))
((-75, 325), (-75, 300))
((-150, 175), (-125, 175))
((-100, 25), (-100, 50))
((175, 0), (175, -75))
((-250, 400), (-200, 400))
((0, 525), (25, 525))
